[gd_scene load_steps=9 format=2]

[ext_resource path="res://player.gd" type="Script" id=1]
[ext_resource path="res://t.gd" type="Script" id=2]
[ext_resource path="res://Camera.gd" type="Script" id=3]
[ext_resource path="res://Attack helicopter.tscn" type="PackedScene" id=4]
[ext_resource path="res://Crashed helicopter.glb" type="PackedScene" id=5]
[ext_resource path="res://Camera2.gd" type="Script" id=6]
[ext_resource path="res://Camera3.gd" type="Script" id=7]

[sub_resource type="CapsuleShape" id=1]
radius = 2.0
height = 10.0

[node name="player" type="KinematicBody"]
collision_layer = 0
collision_mask = 0
script = ExtResource( 1 )

[node name="t" type="KinematicBody" parent="."]
collision_layer = 0
collision_mask = 0

[node name="t" type="KinematicBody" parent="t"]
script = ExtResource( 2 )

[node name="Position3D" type="Position3D" parent="t/t"]
transform = Transform( 1, 0, 0, 0, 1, 0, 0, 0, 1, 0, -1.4435, -5.71069 )

[node name="Area" type="Area" parent="t/t"]
collision_layer = 0

[node name="CollisionShape" type="CollisionShape" parent="t/t/Area"]
transform = Transform( 1, 0, 0, 0, 1, 0, 0, 0, 1, 0, 0, 1 )
shape = SubResource( 1 )

[node name="Attack helicopter2" parent="t/t" instance=ExtResource( 4 )]
transform = Transform( -1, -5.65818e-08, 3.20891e-07, 0, 0.984808, 0.173648, -3.25841e-07, 0.173648, -0.984808, 0, -2, 1 )

[node name="Camera2" type="Camera" parent="t/t"]
transform = Transform( 1, 0, 0, 0, 1, 0, 0, 0, 1, 0, 0, -3.759 )
script = ExtResource( 6 )

[node name="Position3D2" type="Position3D" parent="t/t"]
transform = Transform( 1, 0, 0, 0, 1, 0, 0, 0, 1, -1.863, -1.186, -3 )

[node name="Position3D3" type="Position3D" parent="t/t"]
transform = Transform( 1, 0, 0, 0, 1, 0, 0, 0, 1, 1.8629, -1.18573, -3 )

[node name="Camera" type="Camera" parent="t/t"]
transform = Transform( 1, 0, 0, 0, 0.965926, 0.258819, 0, -0.258819, 0.965926, 0, 0.500121, -2.77297 )
script = ExtResource( 3 )

[node name="Camera3" type="Camera" parent="t/t"]
transform = Transform( 1, 0, 0, 0, 0.866025, 0.5, 0, -0.5, 0.866025, 0, 6, 10 )
script = ExtResource( 7 )

[node name="Crashedhelicopter" parent="." instance=ExtResource( 5 )]
transform = Transform( 1, 0, 0, 0, 1, 0, 0, 0, 1, 0, -1, -1 )
visible = false
[connection signal="body_entered" from="t/t/Area" to="." method="_on_Area_body_entered"]
