[gd_scene load_steps=7 format=2]

[ext_resource path="res://player.gd" type="Script" id=1]
[ext_resource path="res://t.gd" type="Script" id=2]
[ext_resource path="res://Camera.gd" type="Script" id=3]
[ext_resource path="res://Attack helicopter.tscn" type="PackedScene" id=4]
[ext_resource path="res://Crashed helicopter.glb" type="PackedScene" id=5]

[sub_resource type="CapsuleShape" id=1]
radius = 2.0
height = 10.0

[node name="player" type="KinematicBody"]
script = ExtResource( 1 )

[node name="t" type="KinematicBody" parent="."]

[node name="t" type="KinematicBody" parent="t"]
script = ExtResource( 2 )

[node name="Position3D" type="Position3D" parent="t/t"]
transform = Transform( 1, 0, 0, 0, 1, 0, 0, 0, 1, 0, -1.4435, -5.71069 )

[node name="Area" type="Area" parent="t/t"]

[node name="CollisionShape" type="CollisionShape" parent="t/t/Area"]
transform = Transform( 1, 0, 0, 0, 1, 0, 0, 0, 1, 0, 0, 1 )
shape = SubResource( 1 )

[node name="Attack helicopter2" parent="t/t" instance=ExtResource( 4 )]
transform = Transform( -1, -5.65818e-08, 3.20891e-07, 0, 0.984808, 0.173648, -3.25841e-07, 0.173648, -0.984808, 0, -2, 1 )

[node name="Camera2" type="Camera" parent="t/t"]
transform = Transform( 1, 0, 0, 0, 1, 0, 0, 0, 1, 0, 0, -3.759 )

[node name="Camera" type="Camera" parent="."]
transform = Transform( 1, 0, 0, 0, 0.866025, 0.5, 0, -0.5, 0.866025, 0, 4, 10 )
script = ExtResource( 3 )

[node name="SpotLight" type="SpotLight" parent="."]
transform = Transform( 1, 0, 0, 0, 0.5, 0.866025, 0, -0.866025, 0.5, 0, 0, 0 )
light_color = Color( 1, 1, 0, 1 )
light_energy = 16.0
shadow_enabled = true
spot_range = 16.0

[node name="Crashedhelicopter" parent="." instance=ExtResource( 5 )]
transform = Transform( 1, 0, 0, 0, 1, 0, 0, 0, 1, 0, -1, -1 )
visible = false
[connection signal="body_entered" from="t/t/Area" to="." method="_on_Area_body_entered"]
