[gd_scene load_steps=10 format=2]

[ext_resource path="res://player.tscn" type="PackedScene" id=1]
[ext_resource path="res://thing.tscn" type="PackedScene" id=2]
[ext_resource path="res://guy.tscn" type="PackedScene" id=3]
[ext_resource path="res://cube.tscn" type="PackedScene" id=4]
[ext_resource path="res://H.tscn" type="PackedScene" id=5]
[ext_resource path="res://blobby.tscn" type="PackedScene" id=6]

[sub_resource type="SpatialMaterial" id=1]
albedo_color = Color( 0.419608, 0.345098, 0.345098, 1 )

[sub_resource type="CubeMesh" id=2]
material = SubResource( 1 )

[sub_resource type="BoxShape" id=3]

[node name="Spatial" type="Spatial"]

[node name="StaticBody" type="StaticBody" parent="."]

[node name="MeshInstance" type="MeshInstance" parent="StaticBody"]
transform = Transform( 35, 0, 0, 0, 1, 0, 0, 0, 100, 0, 0, 0 )
mesh = SubResource( 2 )
material/0 = null

[node name="CollisionShape" type="CollisionShape" parent="StaticBody"]
transform = Transform( 35, 0, 0, 0, 1, 0, 0, 0, 100, 0, 0, 0 )
shape = SubResource( 3 )

[node name="player" parent="." instance=ExtResource( 1 )]
transform = Transform( -0.965926, 0, 0.258819, 0, 1, 0, -0.258819, 0, -0.965926, 0, 5, -11 )

[node name="thing" parent="." instance=ExtResource( 2 )]
transform = Transform( 1, 0, 0, 0, 1, 0, 0, 0, 1, 0, 6, -4 )
mass = 65535.0

[node name="guy" parent="." instance=ExtResource( 3 )]
transform = Transform( 0.707106, 0, -0.707107, 0, 1, 0, 0.707107, 0, 0.707106, -2, 4, 7 )

[node name="guy2" parent="." instance=ExtResource( 3 )]
transform = Transform( 1, 0, 0, 0, 1, 0, 0, 0, 1, -2, 9, 7 )

[node name="blub" parent="." instance=ExtResource( 4 )]
transform = Transform( 1, 0, 0, 0, 1, 0, 0, 0, 1, -8, 6, 0 )

[node name="H" parent="." instance=ExtResource( 5 )]
transform = Transform( 1, 0, 0, 0, 1, 0, 0, 0, 1, 0, 19, 33 )

[node name="blob" parent="." instance=ExtResource( 4 )]
transform = Transform( 1, 0, 0, 0, 1, 0, 0, 0, 1, -7, 9, 0 )

[node name="blob2" parent="." instance=ExtResource( 4 )]
transform = Transform( 1, 0, 0, 0, 1, 0, 0, 0, 1, -4, 9, 0 )

[node name="DirectionalLight" type="DirectionalLight" parent="."]
transform = Transform( 1, 0, 0, 0, 0.965926, 0.258819, 0, -0.258819, 0.965926, 0, 31, 84 )
light_color = Color( 0.835294, 0.807843, 0, 1 )
shadow_enabled = true

[node name="blobby" parent="." instance=ExtResource( 6 )]
transform = Transform( 1, 0, 0, 0, 1, 0, 0, 0, 1, 5, 5, 0 )
